265 2 159 17 272 29
266 2 191 18 292 32
270 2 198 18 300 29
271 2 168 17 293 32
276 2 174 17 285 32
277 2 187 17 283 32
279 2 154 32 265 30
280 2 184 17 276 31
282 2 161 17 278 32
283 2 165 17 270 32
284 2 178 17 293 30
287 2 188 17 283 32
288 2 221 16 353 33
294 2 198 32 337 32
297 2 161 17 272 30
298 2 188 17 285 32
301 2 162 18 275 32
302 2 172 32 307 29
304 2 162 17 276 32
306 2 193 17 294 32
308 2 168 32 305 32
309 2 153 32 272 29
310 2 185 32 310 32
311 2 173 17 281 30
313 2 170 32 304 26
315 2 128 17 217 30
316 2 154 32 270 32
317 2 195 32 304 31
318 2 179 32 301 30
319 2 162 32 276 31
321 2 192 17 290 32
330 2 211 30 330 28
335 2 159 32 283 30
336 2 159 32 253 30
339 2 176 34 257 26
341 2 176 17 259 32
342 2 177 32 260 29
344 2 181 33 304 29
346 2 174 18 283 32
350 2 168 17 275 32
352 2 168 17 272 32
353 2 185 18 276 32
355 2 161 17 275 32
358 2 147 17 254 30
367 2 195 31 325 34
370 2 176 17 260 30
372 2 166 17 266 31
373 2 158 31 251 31
375 2 174 32 252 29
376 2 191 32 317 29
377 2 173 31 308 34
378 2 180 17 295 32
381 2 176 32 257 30
385 2 185 18 306 32
386 2 158 32 274 31
388 2 166 18 263 28
389 2 178 32 312 32
392 2 162 17 276 32
395 2 159 17 246 31
396 2 179 32 297 28
398 2 203 18 339 29
402 2 169 31 280 28
404 2 159 32 281 28
405 2 168 33 240 29
407 2 175 31 258 28
408 2 143 32 219 27
409 2 175 17 257 32
410 2 185 17 323 32
412 2 188 17 283 30
417 2 182 17 304 32
422 2 171 17 249 31
425 2 166 17 240 32
426 2 209 32 359 30
427 2 216 17 341 32
430 2 184 17 305 32
431 2 159 17 274 30
433 2 175 17 286 30
434 2 153 33 271 32
435 2 186 17 307 32
437 2 192 31 323 32
444 2 183 32 277 31
449 2 163 17 263 32
452 2 175 33 313 28
460 2 171 33 277 28
461 2 165 32 263 31
465 2 181 17 296 32
466 2 161 32 287 31
