265 0 249 471 325 25
266 0 315 471 599 29
270 0 358 473 552 29
271 0 61 441 103 92
276 0 621 441 137 89
277 0 609 445 176 92
279 0 184 475 329 28
280 0 95 441 167 89
282 0 604 432 171 114
283 0 199 471 362 25
284 0 289 472 555 29
287 0 275 472 520 30
288 0 620 268 140 90
294 0 627 85 145 75
297 0 358 473 561 28
298 0 626 435 142 109
301 0 352 477 529 34
302 0 86 440 137 90
304 0 218 473 424 28
306 0 307 471 434 25
308 0 621 268 134 113
309 0 319 472 615 30
310 0 619 94 141 93
311 0 620 85 142 71
313 0 85 442 136 89
315 0 627 107 135 115
316 0 290 474 399 31
317 0 614 444 155 91
318 0 634 75 121 48
319 0 370 471 567 29
321 0 621 269 140 91
330 0 352 461 656 41
335 0 619 270 140 50
336 0 319 473 468 32
339 0 84 457 137 71
341 0 653 270 88 53
342 0 352 475 527 32
344 0 627 442 122 92
346 0 291 473 550 29
350 0 607 85 168 71
352 0 362 476 547 32
355 0 626 269 141 94
358 0 179 472 327 25
353 0 614 269 154 114
367 0 295 474 551 33
370 0 82 441 140 92
372 0 645 74 107 53
373 0 626 433 142 111
375 0 264 472 380 28
376 0 318 471 610 29
377 0 604 96 170 93
378 0 298 474 547 32
381 0 169 473 166 28
385 0 627 444 142 92
386 0 646 94 85 91
388 0 363 472 544 28
389 0 295 472 552 30
392 0 619 96 143 92
395 0 83 446 138 93
396 0 80 442 138 90
398 0 255 471 487 31
402 0 175 471 340 28
404 0 278 478 520 32
405 0 620 85 144 71
407 0 362 475 554 32
408 0 352 471 527 29
409 0 644 93 101 92
410 0 324 474 602 32
412 0 626 269 141 90
417 0 97 455 165 68
422 0 80 442 140 90
425 0 618 269 149 91
426 0 248 473 343 28
427 0 618 432 141 115
430 0 248 472 467 30
431 0 610 104 176 110
433 0 317 471 612 28
434 0 623 442 135 90
435 0 219 474 272 28
437 0 643 462 110 53
444 0 646 269 83 91
449 0 645 268 105 96
452 0 362 472 546 28
460 0 627 444 142 93
461 0 639 106 98 112
465 0 626 93 145 92
466 0 619 85 141 71