265 1 350 233 672 354
266 1 351 232 679 356
270 1 353 233 671 355
271 1 405 267 563 292
276 1 272 269 522 277
277 1 256 275 442 300
279 1 325 248 610 368
280 1 406 267 560 292
282 1 258 268 492 259
283 1 352 233 669 355
284 1 349 234 681 356
287 1 342 233 570 360
288 1 272 268 520 276
294 1 268 275 464 310
297 1 352 235 689 353
298 1 276 268 526 278
301 1 351 235 682 354
302 1 397 274 494 321
304 1 344 232 579 362
306 1 354 233 671 356
308 1 275 268 528 280
309 1 335 233 584 359
310 1 270 276 475 313
311 1 270 268 520 278
313 1 399 276 507 321
315 1 275 268 531 278
316 1 339 242 588 377
317 1 264 275 448 303
318 1 284 268 540 286
319 1 337 241 595 380
321 1 269 269 519 276
330 1 352 226 672 355
335 1 269 277 469 317
336 1 340 242 573 373
339 1 403 267 563 290
341 1 293 273 514 343
342 1 338 242 589 378
344 1 277 268 537 286
346 1 352 235 678 354
350 1 258 269 494 261
352 1 350 236 686 353
353 1 264 269 512 271
355 1 270 277 469 314
358 1 351 234 673 354
367 1 339 250 591 365
370 1 405 267 558 295
372 1 289 267 556 293
373 1 269 275 468 312
375 1 342 236 575 351
376 1 333 240 595 346
377 1 248 275 436 296
378 1 335 243 581 377
381 1 341 242 587 382
385 1 272 269 525 278
386 1 296 268 566 302
388 1 337 240 562 374
389 1 334 244 591 371
392 1 270 269 521 277
395 1 405 267 555 294
396 1 403 267 562 292
398 1 348 234 682 353
402 1 352 233 670 355
404 1 348 235 684 353
405 1 268 269 519 276
407 1 353 235 677 353
408 1 352 233 673 355
409 1 286 280 500 335
410 1 337 243 582 376
412 1 268 275 462 309
417 1 405 268 561 292
422 1 402 267 562 290
425 1 263 274 463 305
426 1 341 240 574 347
427 1 267 275 465 310
430 1 342 232 592 365
431 1 257 269 495 264
433 1 352 233 672 355
434 1 273 269 528 278
435 1 343 242 575 378
437 1 283 275 495 329
444 1 296 268 567 302
449 1 286 278 496 327
452 1 334 247 555 361
460 1 271 269 523 277
461 1 290 268 553 292
465 1 271 275 469 312
466 1 269 275 463 308
