map_265 1 0.4953125 0.46875 0.96171875 0.69609375
map_266 1 0.49609375 0.4671875 0.96015625 0.71015625
map_267 1 0.4640625 0.47109375 0.8703125 0.72734375
map_268 1 0.475 0.50546875 0.8921875 0.775
map_269 1 0.471875 0.475 0.85 0.70859375
map_270 1 0.49453125 0.4703125 0.959375 0.7
map_271 1 0.57734375 0.53671875 0.80546875 0.578125
map_273 1 0.4734375 0.4703125 0.85390625 0.69609375
map_276 1 0.38984375 0.54375 0.74453125 0.55703125
map_277 1 0.36328125 0.553125 0.678125 0.61640625
map_278 1 0.37109375 0.53203125 0.67265625 0.6265625
map_279 1 0.49140625 0.49296875 0.8546875 0.75390625
map_280 1 0.58125 0.54453125 0.80078125 0.58671875
map_281 1 0.50234375 0.475 0.96875 0.70859375
map_282 1 0.36953125 0.540625 0.7125 0.5203125
map_283 1 0.49609375 0.471875 0.96328125 0.70703125
map_284 1 0.496875 0.4671875 0.9671875 0.71015625
map_287 1 0.46640625 0.48671875 0.909375 0.73203125
map_288 1 0.39453125 0.54375 0.75625 0.5453125
map_289 1 0.49296875 0.47109375 0.96015625 0.7015625
map_290 1 0.48515625 0.50078125 0.86875 0.7421875
map_292 1 0.603125 0.5390625 0.7703125 0.5703125
map_293 1 0.396875 0.5375 0.75859375 0.5546875
map_294 1 0.38515625 0.53828125 0.65234375 0.621875
map_295 1 0.47578125 0.47265625 0.91015625 0.70546875
map_297 1 0.49765625 0.46875 0.95703125 0.7140625
map_298 1 0.39375 0.5375 0.7421875 0.5546875
map_299 1 0.50546875 0.46875 0.953125 0.7140625
map_301 1 0.49296875 0.48046875 0.953125 0.715625
map_302 1 0.59140625 0.5484375 0.68671875 0.62109375
map_303 1 0.49765625 0.46953125 0.965625 0.72578125
map_304 1 0.4890625 0.48359375 0.809375 0.734375
map_306 1 0.48984375 0.46484375 0.95078125 0.7109375
map_308 1 0.3875 0.53515625 0.74609375 0.55859375
map_309 1 0.46328125 0.48515625 0.86875 0.71640625
map_310 1 0.390625 0.5484375 0.6640625 0.625
map_311 1 0.3875 0.54375 0.74609375 0.55703125
map_313 1 0.578125 0.546875 0.6703125 0.58984375
map_314 1 0.4921875 0.47109375 0.81484375 0.71953125
map_315 1 0.39140625 0.5390625 0.75703125 0.55234375
map_316 1 0.49296875 0.48203125 0.8296875 0.72265625
map_317 1 0.38125 0.5296875 0.61640625 0.56015625
map_318 1 0.40703125 0.540625 0.784375 0.5734375
map_319 1 0.47265625 0.46875 0.853125 0.6921875
map_320 1 0.49453125 0.46796875 0.9625 0.70859375
map_321 1 0.3859375 0.53671875 0.7421875 0.5484375
map_322 1 0.39140625 0.540625 0.65234375 0.59140625
map_324 1 0.3953125 0.54609375 0.7546875 0.55859375
map_325 1 0.4734375 0.4734375 0.84453125 0.7109375
map_327 1 0.4828125 0.48125 0.85625 0.72109375
map_329 1 0.58203125 0.5484375 0.66484375 0.58984375
map_330 1 0.49609375 0.4453125 0.96328125 0.69921875
map_335 1 0.371875 0.54140625 0.6734375 0.625
map_336 1 0.484375 0.496875 0.8375 0.753125
map_337 1 0.49765625 0.46953125 0.9703125 0.715625
map_338 1 0.36796875 0.53671875 0.71015625 0.51328125
map_339 1 0.58125 0.5390625 0.80625 0.59765625
map_340 1 0.3953125 0.55390625 0.640625 0.5828125
map_341 1 0.4359375 0.5296875 0.74140625 0.64140625
map_342 1 0.49765625 0.490625 0.84609375 0.740625
map_344 1 0.4046875 0.5453125 0.7703125 0.578125
map_344 1 0.89921875 0.8859375 0.175 0.184375
map_345 1 0.396875 0.5484375 0.75546875 0.571875
map_346 1 0.48828125 0.471875 0.95390625 0.725
map_348 1 0.56640625 0.5359375 0.67578125 0.621875
map_349 1 0.58125 0.5421875 0.79921875 0.59453125
map_350 1 0.36953125 0.53984375 0.71328125 0.5359375
map_351 1 0.390625 0.5359375 0.75234375 0.5546875
map_352 1 0.50390625 0.471875 0.96015625 0.71171875
map_353 1 0.38125 0.54453125 0.73359375 0.5546875
map_355 1 0.3828125 0.5203125 0.634375 0.60390625
map_357 1 0.3796875 0.53671875 0.65390625 0.61953125
map_358 1 0.49375 0.471875 0.96796875 0.71171875
map_362 1 0.38515625 0.53359375 0.734375 0.54140625
map_363 1 0.50390625 0.47265625 0.97578125 0.71328125
map_364 1 0.48515625 0.49375 0.8234375 0.7515625
map_366 1 0.48515625 0.46953125 0.94453125 0.71171875
map_367 1 0.46171875 0.4921875 0.85703125 0.73046875
map_368 1 0.48671875 0.4890625 0.8171875 0.715625
map_370 1 0.60625 0.5421875 0.7546875 0.59921875
map_372 1 0.42109375 0.540625 0.80625 0.60078125
map_373 1 0.3890625 0.53125 0.640625 0.603125
map_374 1 0.42265625 0.5359375 0.81328125 0.60859375
map_375 1 0.4859375 0.48046875 0.81640625 0.71953125
map_376 1 0.48046875 0.47109375 0.83671875 0.7015625
map_377 1 0.3703125 0.52578125 0.621875 0.60234375
map_378 1 0.50703125 0.475 0.8 0.7265625
map_380 1 0.390625 0.540625 0.7484375 0.55546875
map_381 1 0.50390625 0.48671875 0.8390625 0.7140625
map_383 1 0.49453125 0.47109375 0.9625 0.71953125
map_384 1 0.49453125 0.47109375 0.95703125 0.715625
map_385 1 0.38828125 0.54140625 0.74765625 0.5578125
map_386 1 0.4328125 0.54140625 0.83359375 0.60703125
map_387 1 0.4765625 0.47421875 0.840625 0.703125
map_388 1 0.48203125 0.47421875 0.8265625 0.7203125
map_389 1 0.46875 0.47890625 0.8453125 0.72578125
map_391 1 0.50234375 0.47578125 0.84921875 0.71015625
map_392 1 0.38984375 0.53828125 0.75 0.55078125
map_393 1 0.5 0.47265625 0.9640625 0.70546875
map_395 1 0.575 0.54140625 0.79375 0.5890625
map_396 1 0.5640625 0.5359375 0.77734375 0.6
map_398 1 0.475 0.46953125 0.9328125 0.715625
map_399 1 0.4796875 0.48671875 0.81171875 0.7375
map_400 1 0.390625 0.53984375 0.75234375 0.55390625
map_402 1 0.4953125 0.4640625 0.95234375 0.6953125
map_403 1 0.390625 0.53828125 0.7515625 0.5421875
map_404 1 0.48828125 0.47421875 0.9484375 0.725
map_405 1 0.390625 0.540625 0.75234375 0.56015625
map_406 1 0.58203125 0.553125 0.7 0.6296875
map_407 1 0.49453125 0.47734375 0.9625 0.7140625
map_408 1 0.4953125 0.47421875 0.96171875 0.69921875
map_409 1 0.3953125 0.51953125 0.7078125 0.63359375
map_410 1 0.4921875 0.48359375 0.825 0.7265625
map_411 1 0.49921875 0.471875 0.9671875 0.72109375
map_412 1 0.3828125 0.5453125 0.63828125 0.5828125
map_413 1 0.3984375 0.54296875 0.76796875 0.5609375
map_415 1 0.3765625 0.54609375 0.61875 0.56640625
map_417 1 0.56484375 0.5375 0.77734375 0.59375
map_418 1 0.496875 0.4796875 0.8125 0.72734375
map_419 1 0.49765625 0.47109375 0.953125 0.7015625
map_420 1 0.57109375 0.52421875 0.68984375 0.6203125
map_422 1 0.57890625 0.53671875 0.709375 0.60234375
map_425 1 0.40625 0.5546875 0.66015625 0.615625
map_426 1 0.48203125 0.48203125 0.79453125 0.72265625
map_427 1 0.3921875 0.525 0.628125 0.54765625
map_428 1 0.3890625 0.54140625 0.75859375 0.56171875
map_430 1 0.5046875 0.4734375 0.7890625 0.696875
map_431 1 0.3734375 0.53515625 0.71796875 0.51796875
map_432 1 0.58671875 0.5359375 0.675 0.6
map_433 1 0.50390625 0.47109375 0.96328125 0.715625
map_434 1 0.3875 0.54453125 0.75234375 0.5546875
map_435 1 0.5078125 0.47265625 0.7984375 0.72265625
map_436 1 0.590625 0.540625 0.6859375 0.5953125
map_437 1 0.428125 0.54375 0.6875 0.61015625
map_439 1 0.39453125 0.5421875 0.76015625 0.56328125
map_440 1 0.50546875 0.47421875 0.81640625 0.6890625
map_441 1 0.38515625 0.5390625 0.63359375 0.64140625
map_443 1 0.490625 0.46796875 0.94921875 0.70390625
map_444 1 0.4328125 0.53984375 0.83046875 0.60703125
map_447 1 0.50625 0.4703125 0.81171875 0.6859375
map_448 1 0.49609375 0.45625 0.8265625 0.69296875
map_449 1 0.4171875 0.559375 0.66484375 0.66796875
map_451 1 0.3921875 0.5453125 0.62109375 0.58828125
map_452 1 0.50234375 0.4765625 0.80390625 0.7125
map_454 1 0.58515625 0.53984375 0.721875 0.57578125
map_459 1 0.5015625 0.46640625 0.80859375 0.696875
map_460 1 0.4015625 0.5421875 0.7546875 0.54921875
map_461 1 0.4046875 0.53125 0.7640625 0.5859375
map_462 1 0.38671875 0.54453125 0.64375 0.5546875
map_465 1 0.39765625 0.5515625 0.6328125 0.6046875
map_466 1 0.38359375 0.55 0.65234375 0.62890625
