map_265 2 153.5 26.0 267.5 40.5
map_266 2 176.5 21.0 260.5 32.5
map_267 2 173.0 20.5 303.0 35.0
map_268 2 170.5 41.0 267.5 44.5
map_269 2 183.5 27.5 275.5 37.5
map_270 2 183.0 24.5 282.5 43.0
map_271 2 154.5 27.5 272.0 31.0
map_273 2 172.5 25.5 248.0 38.5
map_276 2 161.5 27.0 259.5 36.5
map_277 2 168.0 23.0 267.0 28.5
map_278 2 174.5 23.0 278.5 34.5
map_279 2 141.0 39.5 238.5 38.5
map_280 2 168.0 21.5 246.5 34.0
map_281 2 147.5 45.0 251.5 38.5
map_282 2 149.0 29.0 259.5 46.0
map_283 2 158.0 27.5 252.0 28.5
map_284 2 164.0 22.5 261.0 42.0
map_287 2 178.5 24.0 289.0 33.0
map_288 2 203.0 26.0 320.0 40.5
map_289 2 172.0 42.0 285.0 38.0
map_290 2 169.0 41.0 262.5 42.0
map_292 2 173.0 27.5 282.0 37.5
map_293 2 154.5 45.0 288.0 50.0
map_294 2 182.5 40.5 298.5 38.5
map_295 2 162.5 39.0 296.0 35.0
map_297 2 154.5 22.0 273.5 37.5
map_298 2 180.0 28.5 276.0 42.5
map_299 2 179.0 29.0 297.0 48.5
map_301 2 151.5 28.0 266.0 43.5
map_302 2 159.5 45.0 282.5 38.5
map_303 2 150.0 30.0 246.5 48.0
map_304 2 149.0 22.5 269.5 38.5
map_306 2 183.5 24.0 272.5 42.0
map_308 2 171.5 41.5 314.0 59.5
map_309 2 158.5 48.0 284.5 47.0
map_310 2 184.0 43.0 316.5 45.5
map_311 2 169.0 26.5 272.5 46.5
map_313 2 157.5 40.0 285.5 37.0
map_314 2 173.5 37.0 308.0 34.0
map_315 2 126.0 23.0 208.5 37.0
map_316 2 144.5 37.5 254.0 40.5
map_317 2 187.0 38.0 290.5 44.0
map_318 2 170.5 40.5 275.5 41.0
map_319 2 153.0 43.0 268.5 51.5
map_320 2 159.5 38.5 265.5 31.0
map_321 2 176.5 22.5 269.5 33.5
map_322 2 204.5 25.5 325.0 30.5
map_324 2 154.5 28.0 268.0 38.5
map_325 2 149.5 24.5 257.5 37.0
map_327 2 159.5 25.5 253.5 36.5
map_329 2 153.5 20.5 280.0 35.0
map_330 2 192.5 41.0 309.5 30.5
map_335 2 147.5 45.5 268.0 47.5
map_336 2 153.5 39.5 239.5 36.0
map_337 2 180.5 42.0 294.0 35.5
map_338 2 169.0 47.0 244.0 42.0
map_339 2 166.0 40.0 240.5 37.0
map_340 2 179.0 43.5 299.0 58.0
map_341 2 162.5 23.5 235.0 34.0
map_342 2 163.0 40.5 230.0 43.5
map_344 2 172.0 44.5 285.0 37.5
map_345 2 170.0 28.0 284.5 32.5
map_346 2 166.0 24.5 254.0 31.5
map_348 2 138.5 22.5 242.0 30.0
map_349 2 149.0 36.5 212.5 33.0
map_350 2 155.5 21.5 242.0 33.5
map_351 2 180.0 39.5 282.5 36.0
map_352 2 154.5 23.5 250.0 29.5
map_353 2 171.5 22.5 253.0 38.5
map_355 2 145.5 27.5 256.0 35.0
map_357 2 174.5 24.5 251.0 34.5
map_358 2 135.5 23.0 225.5 28.5
map_362 2 155.0 47.0 244.5 64.5
map_363 2 177.0 40.5 270.5 41.0
map_364 2 174.5 23.0 298.0 31.0
map_366 2 153.5 26.5 249.5 30.0
map_367 2 183.5 40.5 316.0 41.0
map_368 2 163.0 42.0 244.5 43.0
map_370 2 166.5 26.5 236.5 44.0
map_372 2 156.5 22.0 255.0 32.5
map_373 2 146.5 41.5 250.0 48.0
map_374 2 159.0 45.0 269.0 38.5
map_375 2 159.5 38.5 227.5 36.5
map_376 2 174.5 41.0 292.0 38.5
map_377 2 163.5 43.5 275.5 49.0
map_378 2 164.5 26.0 261.5 45.5
map_380 2 188.0 30.5 312.5 43.0
map_381 2 171.5 43.0 273.5 45.5
map_383 2 159.0 24.5 266.5 39.5
map_384 2 177.5 23.5 312.0 38.5
map_385 2 170.0 25.5 291.0 41.5
map_386 2 146.0 39.0 256.5 43.5
map_387 2 153.5 23.5 239.5 32.0
map_388 2 155.5 26.0 243.5 34.0
map_389 2 167.0 40.0 292.5 28.5
map_391 2 174.0 41.0 270.0 44.5
map_392 2 150.5 25.0 255.5 38.0
map_393 2 161.0 28.0 286.5 43.5
map_395 2 141.0 24.5 219.0 37.0
map_396 2 179.5 42.0 303.5 47.0
map_398 2 193.5 24.0 335.5 42.0
map_399 2 172.5 24.5 269.5 43.0
map_400 2 181.0 39.5 268.5 36.0
map_402 2 162.5 40.0 278.0 48.5
map_403 2 159.0 41.5 282.5 57.0
map_404 2 146.5 36.0 263.5 34.5
map_405 2 157.0 38.0 221.5 46.5
map_406 2 148.5 30.0 268.0 53.5
map_407 2 156.5 39.0 237.0 43.5
map_408 2 134.0 39.0 190.5 32.5
map_409 2 159.0 25.5 225.5 41.5
map_410 2 169.5 24.5 302.0 31.5
map_411 2 171.5 41.0 275.5 42.0
map_412 2 170.0 21.5 266.5 36.5
map_413 2 147.5 20.5 256.0 35.0
map_415 2 157.5 22.0 274.0 37.5
map_417 2 174.0 32.0 284.5 49.0
map_418 2 166.0 25.0 274.5 35.5
map_419 2 175.5 25.0 259.0 24.0
map_420 2 138.5 49.5 242.0 55.5
map_422 2 178.5 31.5 290.0 54.0
map_423 2 191.0 52.0 296.0 49.5
map_423 2 379.5 346.0 466.5 373.5
map_425 2 154.5 26.5 223.0 44.0
map_426 2 199.0 41.5 330.5 45.5
map_427 2 199.0 32.0 310.0 58.0
map_428 2 194.0 30.5 302.0 52.0
map_430 2 168.0 27.5 287.0 37.5
map_431 2 146.5 30.5 250.0 43.0
map_432 2 139.5 23.5 240.0 41.0
map_433 2 164.0 28.5 254.5 45.0
map_434 2 147.5 51.5 245.5 53.5
map_435 2 175.0 26.0 287.0 40.5
map_436 2 182.5 27.0 273.0 47.5
map_437 2 179.5 44.0 293.5 47.5
map_439 2 171.5 43.5 286.0 41.5
map_440 2 159.5 47.5 284.5 43.0
map_441 2 181.0 24.0 274.0 35.5
map_443 2 153.0 24.0 255.0 30.5
map_444 2 165.0 44.5 260.5 40.0
map_447 2 147.0 39.5 254.5 38.5
map_448 2 198.0 24.5 312.0 37.0
map_449 2 155.5 28.5 233.5 39.5
map_451 2 170.0 48.5 264.5 48.0
map_452 2 160.0 43.5 295.0 35.0
map_454 2 165.5 26.0 277.5 43.0
map_459 2 162.0 39.0 273.0 37.5
map_460 2 160.5 46.5 261.5 52.0
map_461 2 155.0 47.5 269.0 66.0
map_462 2 174.0 47.0 264.0 42.0
map_465 2 168.5 27.5 271.5 42.5
map_466 2 154.0 50.5 267.5 52.5
