map_265 0 0.35078125 0.94609375 0.478125 0.06484375
map_266 0 0.45390625 0.94375 0.87265625 0.06484375
map_267 0 0.39765625 0.94140625 0.75078125 0.0734375
map_268 0 0.3640625 0.95078125 0.6796875 0.06953125
map_269 0 0.41015625 0.94765625 0.7875 0.05859375
map_270 0 0.50546875 0.94375 0.80078125 0.06484375
map_271 0 0.08671875 0.88515625 0.1546875 0.17890625
map_273 0 0.48515625 0.94453125 0.74140625 0.075
map_276 0 0.88515625 0.8890625 0.1953125 0.16796875
map_277 0 0.86796875 0.8875 0.2328125 0.19609375
map_278 0 0.8875 0.209375 0.20078125 0.23046875
map_279 0 0.2640625 0.93984375 0.50546875 0.08359375
map_280 0 0.13359375 0.89296875 0.2375 0.18125
map_281 0 0.4203125 0.9453125 0.80078125 0.0671875
map_282 0 0.86328125 0.8625 0.24375 0.221875
map_283 0 0.28203125 0.946875 0.53515625 0.0703125
map_284 0 0.409375 0.9453125 0.7890625 0.0765625
map_287 0 0.38671875 0.94609375 0.7453125 0.06875
map_288 0 0.88515625 0.5375 0.1953125 0.1890625
map_289 0 0.40234375 0.95 0.58203125 0.05
map_290 0 0.22109375 0.94609375 0.38828125 0.06484375
map_292 0 0.11328125 0.896875 0.18515625 0.18828125
map_293 0 0.8921875 0.19296875 0.1921875 0.1890625
map_294 0 0.8875 0.1734375 0.19296875 0.14609375
map_295 0 0.41640625 0.9453125 0.79765625 0.0546875
map_297 0 0.51015625 0.9515625 0.79375 0.07890625
map_298 0 0.88984375 0.86796875 0.1828125 0.2140625
map_299 0 0.309375 0.9484375 0.4 0.0640625
map_301 0 0.52265625 0.9484375 0.80625 0.05625
map_302 0 0.1234375 0.88125 0.2171875 0.1796875
map_303 0 0.4546875 0.940625 0.68046875 0.07578125
map_304 0 0.30234375 0.9484375 0.57578125 0.07421875
map_306 0 0.50859375 0.94296875 0.79453125 0.06328125
map_308 0 0.890625 0.54140625 0.18984375 0.228125
map_309 0 0.49375 0.94296875 0.95859375 0.0671875
map_310 0 0.8875 0.19375 0.209375 0.1828125
map_311 0 0.88671875 0.1671875 0.20234375 0.1375
map_313 0 0.1171875 0.88671875 0.19296875 0.17265625
map_314 0 0.49765625 0.93984375 0.79765625 0.109375
map_315 0 0.89296875 0.2125 0.18203125 0.228125
map_316 0 0.428125 0.9453125 0.57265625 0.0671875
map_317 0 0.87890625 0.8875 0.21796875 0.18203125
map_318 0 0.90625 0.15703125 0.1609375 0.09609375
map_319 0 0.54921875 0.9390625 0.8625 0.071875
map_320 0 0.540625 0.9421875 0.86171875 0.06171875
map_321 0 0.884375 0.54140625 0.20234375 0.18046875
map_322 0 0.884375 0.18671875 0.20546875 0.15078125
map_324 0 0.88984375 0.1953125 0.19453125 0.18046875
map_325 0 0.38671875 0.95 0.74375 0.05390625
map_327 0 0.2734375 0.94765625 0.5078125 0.071875
map_329 0 0.13359375 0.86640625 0.22421875 0.2203125
map_330 0 0.49609375 0.90859375 0.946875 0.11875
map_335 0 0.88515625 0.53984375 0.1984375 0.1015625
map_336 0 0.4609375 0.95 0.69296875 0.071875
map_337 0 0.509375 0.94375 0.7859375 0.06484375
map_338 0 0.86328125 0.540625 0.23984375 0.221875
map_339 0 0.11328125 0.9140625 0.18828125 0.12890625
map_340 0 0.89375 0.1953125 0.1890625 0.190625
map_341 0 0.92421875 0.540625 0.13046875 0.14296875
map_342 0 0.51171875 0.93828125 0.790625 0.0625
map_345 0 0.89375 0.55 0.1890625 0.22421875
map_346 0 0.409375 0.94375 0.7890625 0.059375
map_348 0 0.11015625 0.88515625 0.196875 0.18671875
map_349 0 0.0890625 0.8828125 0.1453125 0.18359375
map_350 0 0.8671875 0.16640625 0.2359375 0.14140625
map_351 0 0.88515625 0.1515625 0.19140625 0.10703125
map_352 0 0.50546875 0.9453125 0.79453125 0.0625
map_353 0 0.87421875 0.54140625 0.21484375 0.21953125
map_355 0 0.88203125 0.54375 0.2078125 0.215625
map_357 0 0.88046875 0.5453125 0.21796875 0.31171875
map_358 0 0.25859375 0.9453125 0.48828125 0.0765625
map_362 0 0.88125 0.890625 0.21328125 0.17578125
map_363 0 0.453125 0.94765625 0.6796875 0.071875
map_364 0 0.24765625 0.94921875 0.453125 0.0578125
map_366 0 0.20859375 0.95 0.384375 0.06796875
map_367 0 0.4203125 0.946875 0.78828125 0.0703125
map_368 0 0.4015625 0.9453125 0.58359375 0.0625
map_370 0 0.1140625 0.88359375 0.1953125 0.17890625
map_372 0 0.921875 0.15703125 0.140625 0.1078125
map_373 0 0.8890625 0.875 0.2 0.22421875
map_374 0 0.92109375 0.865625 0.12421875 0.22890625
map_375 0 0.37890625 0.94765625 0.53125 0.071875
map_376 0 0.459375 0.946875 0.88984375 0.0703125
map_377 0 0.8625 0.196875 0.24453125 0.18828125
map_378 0 0.41328125 0.94765625 0.78125 0.06796875
map_380 0 0.8875 0.53828125 0.19609375 0.2265625
map_381 0 0.24140625 0.946875 0.259375 0.08046875
map_383 0 0.35703125 0.95 0.67265625 0.07734375
map_384 0 0.5140625 0.9546875 0.78984375 0.05078125
map_385 0 0.89375 0.8921875 0.18671875 0.1875
map_386 0 0.925 0.19140625 0.12578125 0.17734375
map_387 0 0.1875 0.940625 0.32109375 0.0578125
map_388 0 0.51015625 0.93671875 0.8265625 0.07265625
map_389 0 0.4171875 0.9484375 0.7890625 0.0640625
map_391 0 0.371875 0.94921875 0.6921875 0.065625
map_392 0 0.884375 0.1953125 0.19375 0.18046875
map_393 0 0.35546875 0.9453125 0.671875 0.0765625
map_395 0 0.12109375 0.890625 0.19375 0.171875
map_396 0 0.11328125 0.88984375 0.19375 0.1875
map_398 0 0.36171875 0.946875 0.7 0.07421875
map_399 0 0.36015625 0.94609375 0.69140625 0.046875
map_400 0 0.8859375 0.53203125 0.19921875 0.24140625
map_402 0 0.25546875 0.9421875 0.49375 0.06953125
map_403 0 0.89140625 0.5484375 0.20390625 0.1984375
map_404 0 0.42109375 0.940625 0.778125 0.08515625
map_405 0 0.884375 0.1734375 0.20234375 0.1421875
map_406 0 0.09375 0.8640625 0.1390625 0.2109375
map_407 0 0.51171875 0.9453125 0.79453125 0.04921875
map_408 0 0.496875 0.9515625 0.77109375 0.06171875
map_409 0 0.91796875 0.20234375 0.15 0.19453125
map_410 0 0.4625 0.9453125 0.8921875 0.0671875
map_411 0 0.46328125 0.9453125 0.8875 0.0671875
map_412 0 0.88046875 0.54140625 0.2046875 0.22421875
map_413 0 0.89765625 0.5484375 0.18125 0.16328125
map_415 0 0.86796875 0.20078125 0.24609375 0.21484375
map_417 0 0.1296875 0.90859375 0.2296875 0.1359375
map_418 0 0.49609375 0.94375 0.7703125 0.06484375
map_419 0 0.41015625 0.9421875 0.7875 0.0578125
map_420 0 0.10859375 0.85546875 0.175 0.225
map_422 0 0.11171875 0.89375 0.196875 0.20078125
map_423 0 0.11484375 0.8640625 0.18203125 0.225
map_425 0 0.88359375 0.540625 0.19921875 0.18046875
map_426 0 0.35859375 0.94765625 0.49140625 0.071875
map_427 0 0.88046875 0.86171875 0.2078125 0.23359375
map_428 0 0.88828125 0.53984375 0.2015625 0.18046875
map_430 0 0.3546875 0.93671875 0.67421875 0.06875
map_431 0 0.87734375 0.2203125 0.23359375 0.2125
map_432 0 0.12578125 0.884375 0.19921875 0.17265625
map_433 0 0.46640625 0.94140625 0.890625 0.0640625
map_434 0 0.89296875 0.890625 0.20078125 0.19765625
map_435 0 0.315625 0.9515625 0.40859375 0.06171875
map_436 0 0.12734375 0.90390625 0.22265625 0.1453125
map_437 0 0.91875 0.9328125 0.1453125 0.10078125
map_439 0 0.88046875 0.8828125 0.20234375 0.1953125
map_440 0 0.5078125 0.94375 0.77734375 0.07265625
map_441 0 0.89140625 0.87578125 0.18125 0.18671875
map_443 0 0.54140625 0.95 0.85 0.059375
map_444 0 0.9265625 0.53984375 0.12265625 0.190625
map_447 0 0.28515625 0.946875 0.35 0.07421875
map_448 0 0.3859375 0.9375 0.59453125 0.1
map_449 0 0.91875 0.54140625 0.15859375 0.184375
map_451 0 0.87578125 0.190625 0.22109375 0.18984375
map_452 0 0.5015625 0.9453125 0.80234375 0.0671875
map_454 0 0.09921875 0.865625 0.17265625 0.21875
map_459 0 0.53046875 0.95 0.8375 0.0640625
map_460 0 0.8921875 0.88828125 0.19921875 0.17578125
map_461 0 0.9125 0.21328125 0.1453125 0.221875
map_462 0 0.88515625 0.1921875 0.20390625 0.19296875
map_465 0 0.8875 0.2 0.20625 0.18984375
map_466 0 0.88671875 0.17578125 0.20234375 0.159375
