map_265 1 317.0 300.0 615.5 445.5
map_266 1 317.5 299.0 614.5 454.5
map_267 1 297.0 301.5 557.0 465.5
map_268 1 304.0 323.5 571.0 496.0
map_269 1 302.0 304.0 544.0 453.5
map_270 1 316.5 301.0 614.0 448.0
map_271 1 369.5 343.5 515.5 370.0
map_273 1 303.0 301.0 546.5 445.5
map_276 1 249.5 348.0 476.5 356.5
map_277 1 232.5 354.0 434.0 394.5
map_278 1 237.5 340.5 430.5 401.0
map_279 1 314.5 315.5 547.0 482.5
map_280 1 372.0 348.5 512.5 375.5
map_281 1 321.5 304.0 620.0 453.5
map_282 1 236.5 346.0 456.0 333.0
map_283 1 317.5 302.0 616.5 452.5
map_284 1 318.0 299.0 619.0 454.5
map_287 1 298.5 311.5 582.0 468.5
map_288 1 252.5 348.0 484.0 349.0
map_289 1 315.5 301.5 614.5 449.0
map_290 1 310.5 320.5 556.0 475.0
map_292 1 386.0 345.0 493.0 365.0
map_293 1 254.0 344.0 485.5 355.0
map_294 1 246.5 344.5 417.5 398.0
map_295 1 304.5 302.5 582.5 451.5
map_297 1 318.5 300.0 612.5 457.0
map_298 1 252.0 344.0 475.0 355.0
map_299 1 323.5 300.0 610.0 457.0
map_301 1 315.5 307.5 610.0 458.0
map_302 1 378.5 351.0 439.5 397.5
map_303 1 318.5 300.5 618.0 464.5
map_304 1 313.0 309.5 518.0 470.0
map_306 1 313.5 297.5 608.5 455.0
map_308 1 248.0 342.5 477.5 357.5
map_309 1 296.5 310.5 556.0 458.5
map_310 1 250.0 351.0 425.0 400.0
map_311 1 248.0 348.0 477.5 356.5
map_313 1 370.0 350.0 429.0 377.5
map_314 1 315.0 301.5 521.5 460.5
map_315 1 250.5 345.0 484.5 353.5
map_316 1 315.5 308.5 531.0 462.5
map_317 1 244.0 339.0 394.5 358.5
map_318 1 260.5 346.0 502.0 367.0
map_319 1 302.5 300.0 546.0 443.0
map_320 1 316.5 299.5 616.0 453.5
map_321 1 247.0 343.5 475.0 351.0
map_322 1 250.5 346.0 417.5 378.5
map_324 1 253.0 349.5 483.0 357.5
map_325 1 303.0 303.0 540.5 455.0
map_327 1 309.0 308.0 548.0 461.5
map_329 1 372.5 351.0 425.5 377.5
map_330 1 317.5 285.0 616.5 447.5
map_335 1 238.0 346.5 431.0 400.0
map_336 1 310.0 318.0 536.0 482.0
map_337 1 318.5 300.5 621.0 458.0
map_338 1 235.5 343.5 454.5 328.5
map_339 1 372.0 345.0 516.0 382.5
map_340 1 253.0 354.5 410.0 373.0
map_341 1 279.0 339.0 474.5 410.5
map_342 1 318.5 314.0 541.5 474.0
map_344 1 259.0 349.0 493.0 370.0
map_344 1 575.5 567.0 112.0 118.0
map_345 1 254.0 351.0 483.5 366.0
map_346 1 312.5 302.0 610.5 464.0
map_348 1 362.5 343.0 432.5 398.0
map_349 1 372.0 347.0 511.5 380.5
map_350 1 236.5 345.5 456.5 343.0
map_351 1 250.0 343.0 481.5 355.0
map_352 1 322.5 302.0 614.5 455.5
map_353 1 244.0 348.5 469.5 355.0
map_355 1 245.0 333.0 406.0 386.5
map_357 1 243.0 343.5 418.5 396.5
map_358 1 316.0 302.0 619.5 455.5
map_362 1 246.5 341.5 470.0 346.5
map_363 1 322.5 302.5 624.5 456.5
map_364 1 310.5 316.0 527.0 481.0
map_366 1 310.5 300.5 604.5 455.5
map_367 1 295.5 315.0 548.5 467.5
map_368 1 311.5 313.0 523.0 458.0
map_370 1 388.0 347.0 483.0 383.5
map_372 1 269.5 346.0 516.0 384.5
map_373 1 249.0 340.0 410.0 386.0
map_374 1 270.5 343.0 520.5 389.5
map_375 1 311.0 307.5 522.5 460.5
map_376 1 307.5 301.5 535.5 449.0
map_377 1 237.0 336.5 398.0 385.5
map_378 1 324.5 304.0 512.0 465.0
map_380 1 250.0 346.0 479.0 355.5
map_381 1 322.5 311.5 537.0 457.0
map_383 1 316.5 301.5 616.0 460.5
map_384 1 316.5 301.5 612.5 458.0
map_385 1 248.5 346.5 478.5 357.0
map_386 1 277.0 346.5 533.5 388.5
map_387 1 305.0 303.5 538.0 450.0
map_388 1 308.5 303.5 529.0 461.0
map_389 1 300.0 306.5 541.0 464.5
map_391 1 321.5 304.5 543.5 454.5
map_392 1 249.5 344.5 480.0 352.5
map_393 1 320.0 302.5 617.0 451.5
map_395 1 368.0 346.5 508.0 377.0
map_396 1 361.0 343.0 497.5 384.0
map_398 1 304.0 300.5 597.0 458.0
map_399 1 307.0 311.5 519.5 472.0
map_400 1 250.0 345.5 481.5 354.5
map_402 1 317.0 297.0 609.5 445.0
map_403 1 250.0 344.5 481.0 347.0
map_404 1 312.5 303.5 607.0 464.0
map_405 1 250.0 346.0 481.5 358.5
map_406 1 372.5 354.0 448.0 403.0
map_407 1 316.5 305.5 616.0 457.0
map_408 1 317.0 303.5 615.5 447.5
map_409 1 253.0 332.5 453.0 405.5
map_410 1 315.0 309.5 528.0 465.0
map_411 1 319.5 302.0 619.0 461.5
map_412 1 245.0 349.0 408.5 373.0
map_413 1 255.0 347.5 491.5 359.0
map_415 1 241.0 349.5 396.0 362.5
map_417 1 361.5 344.0 497.5 380.0
map_418 1 318.0 307.0 520.0 465.5
map_419 1 318.5 301.5 610.0 449.0
map_420 1 365.5 335.5 441.5 397.0
map_422 1 370.5 343.5 454.0 385.5
map_425 1 260.0 355.0 422.5 394.0
map_426 1 308.5 308.5 508.5 462.5
map_427 1 251.0 336.0 402.0 350.5
map_428 1 249.0 346.5 485.5 359.5
map_430 1 323.0 303.0 505.0 446.0
map_431 1 239.0 342.5 459.5 331.5
map_432 1 375.5 343.0 432.0 384.0
map_433 1 322.5 301.5 616.5 458.0
map_434 1 248.0 348.5 481.5 355.0
map_435 1 325.0 302.5 511.0 462.5
map_436 1 378.0 346.0 439.0 381.0
map_437 1 274.0 348.0 440.0 390.5
map_439 1 252.5 347.0 486.5 360.5
map_440 1 323.5 303.5 522.5 441.0
map_441 1 246.5 345.0 405.5 410.5
map_443 1 314.0 299.5 607.5 450.5
map_444 1 277.0 345.5 531.5 388.5
map_447 1 324.0 301.0 519.5 439.0
map_448 1 317.5 292.0 529.0 443.5
map_449 1 267.0 358.0 425.5 427.5
map_451 1 251.0 349.0 397.5 376.5
map_452 1 321.5 305.0 514.5 456.0
map_454 1 374.5 345.5 462.0 368.5
map_459 1 321.0 298.5 517.5 446.0
map_460 1 257.0 347.0 483.0 351.5
map_461 1 259.0 340.0 489.0 375.0
map_462 1 247.5 348.5 412.0 355.0
map_465 1 254.5 353.0 405.0 387.0
map_466 1 245.5 352.0 417.5 402.5
