map_265 2 0.23984375 0.040625 0.41796875 0.06328125
map_266 2 0.27578125 0.0328125 0.40703125 0.05078125
map_267 2 0.2703125 0.03203125 0.4734375 0.0546875
map_268 2 0.26640625 0.0640625 0.41796875 0.06953125
map_269 2 0.28671875 0.04296875 0.43046875 0.05859375
map_270 2 0.2859375 0.03828125 0.44140625 0.0671875
map_271 2 0.24140625 0.04296875 0.425 0.0484375
map_273 2 0.26953125 0.03984375 0.3875 0.06015625
map_276 2 0.25234375 0.0421875 0.40546875 0.05703125
map_277 2 0.2625 0.0359375 0.4171875 0.04453125
map_278 2 0.27265625 0.0359375 0.43515625 0.05390625
map_279 2 0.2203125 0.06171875 0.37265625 0.06015625
map_280 2 0.2625 0.03359375 0.38515625 0.053125
map_281 2 0.23046875 0.0703125 0.39296875 0.06015625
map_282 2 0.2328125 0.0453125 0.40546875 0.071875
map_283 2 0.246875 0.04296875 0.39375 0.04453125
map_284 2 0.25625 0.03515625 0.4078125 0.065625
map_287 2 0.27890625 0.0375 0.4515625 0.0515625
map_288 2 0.3171875 0.040625 0.5 0.06328125
map_289 2 0.26875 0.065625 0.4453125 0.059375
map_290 2 0.2640625 0.0640625 0.41015625 0.065625
map_292 2 0.2703125 0.04296875 0.440625 0.05859375
map_293 2 0.24140625 0.0703125 0.45 0.078125
map_294 2 0.28515625 0.06328125 0.46640625 0.06015625
map_295 2 0.25390625 0.0609375 0.4625 0.0546875
map_297 2 0.24140625 0.034375 0.42734375 0.05859375
map_298 2 0.28125 0.04453125 0.43125 0.06640625
map_299 2 0.2796875 0.0453125 0.4640625 0.07578125
map_301 2 0.23671875 0.04375 0.415625 0.06796875
map_302 2 0.24921875 0.0703125 0.44140625 0.06015625
map_303 2 0.234375 0.046875 0.38515625 0.075
map_304 2 0.2328125 0.03515625 0.42109375 0.06015625
map_306 2 0.28671875 0.0375 0.42578125 0.065625
map_308 2 0.26796875 0.06484375 0.490625 0.09296875
map_309 2 0.24765625 0.075 0.44453125 0.0734375
map_310 2 0.2875 0.0671875 0.49453125 0.07109375
map_311 2 0.2640625 0.04140625 0.42578125 0.07265625
map_313 2 0.24609375 0.0625 0.44609375 0.0578125
map_314 2 0.27109375 0.0578125 0.48125 0.053125
map_315 2 0.196875 0.0359375 0.32578125 0.0578125
map_316 2 0.22578125 0.05859375 0.396875 0.06328125
map_317 2 0.2921875 0.059375 0.45390625 0.06875
map_318 2 0.26640625 0.06328125 0.43046875 0.0640625
map_319 2 0.2390625 0.0671875 0.41953125 0.08046875
map_320 2 0.24921875 0.06015625 0.41484375 0.0484375
map_321 2 0.27578125 0.03515625 0.42109375 0.05234375
map_322 2 0.31953125 0.03984375 0.5078125 0.04765625
map_324 2 0.24140625 0.04375 0.41875 0.06015625
map_325 2 0.23359375 0.03828125 0.40234375 0.0578125
map_327 2 0.24921875 0.03984375 0.39609375 0.05703125
map_329 2 0.23984375 0.03203125 0.4375 0.0546875
map_330 2 0.30078125 0.0640625 0.48359375 0.04765625
map_335 2 0.23046875 0.07109375 0.41875 0.07421875
map_336 2 0.23984375 0.06171875 0.37421875 0.05625
map_337 2 0.28203125 0.065625 0.459375 0.05546875
map_338 2 0.2640625 0.0734375 0.38125 0.065625
map_339 2 0.259375 0.0625 0.37578125 0.0578125
map_340 2 0.2796875 0.06796875 0.4671875 0.090625
map_341 2 0.25390625 0.03671875 0.3671875 0.053125
map_342 2 0.2546875 0.06328125 0.359375 0.06796875
map_344 2 0.26875 0.06953125 0.4453125 0.05859375
map_345 2 0.265625 0.04375 0.44453125 0.05078125
map_346 2 0.259375 0.03828125 0.396875 0.04921875
map_348 2 0.21640625 0.03515625 0.378125 0.046875
map_349 2 0.2328125 0.05703125 0.33203125 0.0515625
map_350 2 0.24296875 0.03359375 0.378125 0.05234375
map_351 2 0.28125 0.06171875 0.44140625 0.05625
map_352 2 0.24140625 0.03671875 0.390625 0.04609375
map_353 2 0.26796875 0.03515625 0.3953125 0.06015625
map_355 2 0.22734375 0.04296875 0.4 0.0546875
map_357 2 0.27265625 0.03828125 0.3921875 0.05390625
map_358 2 0.21171875 0.0359375 0.35234375 0.04453125
map_362 2 0.2421875 0.0734375 0.38203125 0.10078125
map_363 2 0.2765625 0.06328125 0.42265625 0.0640625
map_364 2 0.27265625 0.0359375 0.465625 0.0484375
map_366 2 0.23984375 0.04140625 0.38984375 0.046875
map_367 2 0.28671875 0.06328125 0.49375 0.0640625
map_368 2 0.2546875 0.065625 0.38203125 0.0671875
map_370 2 0.26015625 0.04140625 0.36953125 0.06875
map_372 2 0.24453125 0.034375 0.3984375 0.05078125
map_373 2 0.22890625 0.06484375 0.390625 0.075
map_374 2 0.2484375 0.0703125 0.4203125 0.06015625
map_375 2 0.24921875 0.06015625 0.35546875 0.05703125
map_376 2 0.27265625 0.0640625 0.45625 0.06015625
map_377 2 0.25546875 0.06796875 0.43046875 0.0765625
map_378 2 0.25703125 0.040625 0.40859375 0.07109375
map_380 2 0.29375 0.04765625 0.48828125 0.0671875
map_381 2 0.26796875 0.0671875 0.42734375 0.07109375
map_383 2 0.2484375 0.03828125 0.41640625 0.06171875
map_384 2 0.27734375 0.03671875 0.4875 0.06015625
map_385 2 0.265625 0.03984375 0.4546875 0.06484375
map_386 2 0.228125 0.0609375 0.40078125 0.06796875
map_387 2 0.23984375 0.03671875 0.37421875 0.05
map_388 2 0.24296875 0.040625 0.38046875 0.053125
map_389 2 0.2609375 0.0625 0.45703125 0.04453125
map_391 2 0.271875 0.0640625 0.421875 0.06953125
map_392 2 0.23515625 0.0390625 0.39921875 0.059375
map_393 2 0.2515625 0.04375 0.44765625 0.06796875
map_395 2 0.2203125 0.03828125 0.3421875 0.0578125
map_396 2 0.28046875 0.065625 0.47421875 0.0734375
map_398 2 0.30234375 0.0375 0.52421875 0.065625
map_399 2 0.26953125 0.03828125 0.42109375 0.0671875
map_400 2 0.2828125 0.06171875 0.41953125 0.05625
map_402 2 0.25390625 0.0625 0.434375 0.07578125
map_403 2 0.2484375 0.06484375 0.44140625 0.0890625
map_404 2 0.22890625 0.05625 0.41171875 0.05390625
map_405 2 0.2453125 0.059375 0.34609375 0.07265625
map_406 2 0.23203125 0.046875 0.41875 0.08359375
map_407 2 0.24453125 0.0609375 0.3703125 0.06796875
map_408 2 0.209375 0.0609375 0.29765625 0.05078125
map_409 2 0.2484375 0.03984375 0.35234375 0.06484375
map_410 2 0.26484375 0.03828125 0.471875 0.04921875
map_411 2 0.26796875 0.0640625 0.43046875 0.065625
map_412 2 0.265625 0.03359375 0.41640625 0.05703125
map_413 2 0.23046875 0.03203125 0.4 0.0546875
map_415 2 0.24609375 0.034375 0.428125 0.05859375
map_417 2 0.271875 0.05 0.44453125 0.0765625
map_418 2 0.259375 0.0390625 0.42890625 0.05546875
map_419 2 0.27421875 0.0390625 0.4046875 0.0375
map_420 2 0.21640625 0.07734375 0.378125 0.08671875
map_422 2 0.27890625 0.04921875 0.453125 0.084375
map_423 2 0.2984375 0.08125 0.4625 0.07734375
map_423 2 0.59296875 0.540625 0.72890625 0.58359375
map_425 2 0.24140625 0.04140625 0.3484375 0.06875
map_426 2 0.3109375 0.06484375 0.51640625 0.07109375
map_427 2 0.3109375 0.05 0.484375 0.090625
map_428 2 0.303125 0.04765625 0.471875 0.08125
map_430 2 0.2625 0.04296875 0.4484375 0.05859375
map_431 2 0.22890625 0.04765625 0.390625 0.0671875
map_432 2 0.21796875 0.03671875 0.375 0.0640625
map_433 2 0.25625 0.04453125 0.39765625 0.0703125
map_434 2 0.23046875 0.08046875 0.38359375 0.08359375
map_435 2 0.2734375 0.040625 0.4484375 0.06328125
map_436 2 0.28515625 0.0421875 0.4265625 0.07421875
map_437 2 0.28046875 0.06875 0.45859375 0.07421875
map_439 2 0.26796875 0.06796875 0.446875 0.06484375
map_440 2 0.24921875 0.07421875 0.44453125 0.0671875
map_441 2 0.2828125 0.0375 0.428125 0.05546875
map_443 2 0.2390625 0.0375 0.3984375 0.04765625
map_444 2 0.2578125 0.06953125 0.40703125 0.0625
map_447 2 0.2296875 0.06171875 0.39765625 0.06015625
map_448 2 0.309375 0.03828125 0.4875 0.0578125
map_449 2 0.24296875 0.04453125 0.36484375 0.06171875
map_451 2 0.265625 0.07578125 0.41328125 0.075
map_452 2 0.25 0.06796875 0.4609375 0.0546875
map_454 2 0.25859375 0.040625 0.43359375 0.0671875
map_459 2 0.253125 0.0609375 0.4265625 0.05859375
map_460 2 0.25078125 0.07265625 0.40859375 0.08125
map_461 2 0.2421875 0.07421875 0.4203125 0.103125
map_462 2 0.271875 0.0734375 0.4125 0.065625
map_465 2 0.26328125 0.04296875 0.42421875 0.06640625
map_466 2 0.240625 0.07890625 0.41796875 0.08203125
