265 97.29689067201605
266 97.53068140690291
270 96.2966656693594
271 98.62343261377782
276 98.02814781365244
277 90.2508980154882
279 93.87512388503468
280 95.971692977681
282 96.9186902133922
283 98.70308451057427
284 98.00222294224041
287 83.87991927346114
288 95.80335731414868
294 93.97138037978128
297 95.06245223586687
298 97.93931947715096
301 92.42918537601271
302 93.08139754010828
304 91.23118939824404
306 94.82052102432841
308 96.34050068908306
309 91.69208684729948
310 96.14780452263658
311 97.12421147185117
313 83.42653849434069
315 98.16562057096579
316 93.60118112709681
317 82.52767199345126
318 97.0055789593533
319 85.96960266836304
321 98.17962176122637
330 94.98890859779159
335 91.0771418414504
336 93.9747244988247
339 94.83600098787501
341 83.96364418629666
342 94.1869053690449
344 93.8168421975929
344 7.308148090270995
346 93.1720978005312
350 96.41222743995453
352 97.41850169608463
353 94.80277167014629
355 80.456875618311
358 97.99308273414034
367 94.0041181488876
370 91.00536621770496
372 92.72972063278357
373 86.62555815436956
375 94.30293593668655
376 96.66179745683566
377 89.94498710521125
378 89.8932989203991
381 90.12583219743952
385 98.53083475298125
386 93.22830093228302
388 92.18872051241993
389 93.08560425748135
392 97.07821907895635
395 96.93678036063437
396 90.71548022072147
398 90.30344650329711
402 94.38263724238556
404 92.4338713158589
405 95.09041493999246
407 94.42497119581974
408 96.58684945375484
409 79.11471149326772
410 94.04960400166736
412 89.33857972643807
417 92.01897882586219
422 84.85307697771884
425 89.24815297696654
426 91.9337652987761
427 76.16594486744029
430 88.90040725657164
431 93.4542750929368
433 98.03853497656657
434 97.11158734651517
435 89.91454617949833
437 87.17990579328944
444 94.31671301554972
449 91.3677130044843
452 87.34215709667308
460 94.7070413632176
461 92.24838129387466
465 91.22245913290689
466 96.21827968801495
