265 68.12227074235808
266 65.8999192897498
270 79.0675637259547
271 74.23986486486487
276 86.8859649122807
277 67.27901448022476
279 86.26062322946176
280 75.70621468926554
282 65.66217287866772
283 64.98203054806828
284 91.34615384615384
287 68.61575178997613
288 81.97132906778974
294 85.0945094509451
297 84.02580363000219
298 64.43525458774877
301 72.99648343512864
302 77.64613727602075
304 87.74728781110403
306 88.55379715337912
308 55.85255706090565
309 46.394599570420375
310 70.56364199442552
311 61.61257606490872
313 86.28571428571429
315 85.07757404795487
316 75.92252803261978
317 82.4542421783428
318 92.44314013206163
319 66.93561666392227
321 79.85122210414453
330 80.5390492359932
335 64.60320163487738
336 74.45067788686302
339 84.78260869565217
341 80.3088803088803
342 85.1942883895131
344 87.36211786952411
346 72.95154185022027
350 72.81553398058253
352 71.23428571428572
353 86.68994108662447
355 83.35204310731926
358 71.02362204724409
367 83.89006342494714
370 71.07463611025085
372 75.539153500173
373 71.74414137533614
375 76.99950322901142
376 92.7675585284281
377 78.44925883694413
378 73.89360751005812
381 64.61371252603931
385 89.93626938076666
386 88.60852266778348
388 89.23933209647495
389 61.273209549071616
392 88.5150941294419
395 84.36775688900335
396 63.26662362814719
398 80.36671131949096
402 66.38772663877266
404 66.98564593301435
405 78.11114899420389
407 80.31496062992126
408 75.5885605940907
409 83.40929808568825
410 73.8004569687738
412 84.92830943647883
417 52.311607521560866
422 34.542314335060446
425 76.06347806920873
426 81.7864077669903
427 45.04164353137146
430 82.93677770224338
431 61.365552121382414
433 61.179577464788736
434 50.24837600305694
435 81.0925925925926
437 71.57446808510637
444 85.84099166488566
449 72.96523950826621
452 93.82702342622405
460 55.16934766793307
461 41.028453055504784
465 74.3385284523378
466 47.49452258110114
